{
    "columns": [
        [
            "R",
            "1_50plus"
        ],
        [
            "R",
            "2_Christen_Unie"
        ],
        [
            "R",
            "3_DenkNL"
        ],
        [
            "R",
            "4_JA21"
        ],
        [
            "R",
            "5_PVV"
        ],
        [
            "R",
            "6_PvdA"
        ],
        [
            "R",
            "7_PvdD"
        ],
        [
            "R",
            "8_SGP"
        ],
        [
            "R",
            "9_SPnl"
        ],
        [
            "R",
            "10_VVD"
        ],
        [
            "R",
            "11_VoltNederland"
        ],
        [
            "R",
            "12_cda"
        ],
        [
            "R",
            "13_d66"
        ],
        [
            "R",
            "14_fvd_emocratie"
        ],
        [
            "R",
            "15_groenlinks_"
        ]
    ],
    "index": [
        [
            "1_50plus"
        ],
        [
            "2_Christen_Unie"
        ],
        [
            "3_DenkNL"
        ],
        [
            "4_JA21"
        ],
        [
            "5_PVV"
        ],
        [
            "6_PvdA"
        ],
        [
            "6_PvdD"
        ],
        [
            "8_SGP"
        ],
        [
            "9_SPnl"
        ],
        [
            "10_VVD"
        ],
        [
            "11_VoltNederland"
        ],
        [
            "12_cda"
        ],
        [
            "13_d66"
        ],
        [   
            "14_fvd_emocratie"
        ],
        [
            "15_groenlinks_"
        ]
    ],
    "data": [
        [
            1,
            0.375,
            0.249,
            0.212,
            0.361,
            0.407,
            0.325,
            0.362,
            0.516,
            0.466,
            0.094,
            0.493,
            0.469,
            0.349,
            0.372
            ],
            [
            0.375,
            1,
            0.182,
            0.162,
            0.297,
            0.264,
            0.193,
            0.356,
            0.309,
            0.382,
            0.123,
            0.38,
            0.361,
            0.187,
            0.24
            ],
            [
            0.249,
            0.182,
            1,
            0.114,
            0.246,
            0.208,
            0.141,
            0.176,
            0.237,
            0.26,
            0.079,
            0.253,
            0.265,
            0.194,
            0.191
            ],
            [
            0.212,
            0.162,
            0.114,
            1,
            0.403,
            0.141,
            0.101,
            0.185,
            0.217,
            0.298,
            0.078,
            0.354,
            0.208,
            0.401,
            0.12
            ],
            [
            0.361,
            0.297,
            0.246,
            0.403,
            1,
            0.309,
            0.247,
            0.42,
            0.299,
            0.294,
            0.131,
            0.333,
            0.278,
            0.351,
            0.351
            ],
            [
            0.407,
            0.264,
            0.208,
            0.141,
            0.309,
            1,
            0.253,
            0.294,
            0.29,
            0.565,
            0.167,
            0.279,
            0.617,
            0.108,
            0.383
            ],
            [
            0.325,
            0.193,
            0.141,
            0.101,
            0.247,
            0.253,
            1,
            0.199,
            0.323,
            0.273,
            0.115,
            0.255,
            0.317,
            0.136,
            0.264
            ],
            [
            0.362,
            0.356,
            0.176,
            0.185,
            0.42,
            0.294,
            0.199,
            1,
            0.301,
            0.459,
            0.092,
            0.364,
            0.384,
            0.193,
            0.248
            ],
            [
            0.516,
            0.309,
            0.237,
            0.217,
            0.299,
            0.29,
            0.323,
            0.301,
            1,
            0.326,
            0.18,
            0.352,
            0.356,
            0.174,
            0.267
            ],
            [
            0.466,
            0.382,
            0.26,
            0.298,
            0.294,
            0.565,
            0.273,
            0.459,
            0.326,
            1,
            0.222,
            0.373,
            0.445,
            0.205,
            0.527
            ],
            [
            0.094,
            0.123,
            0.079,
            0.078,
            0.131,
            0.167,
            0.115,
            0.092,
            0.18,
            0.222,
            1,
            0.252,
            0.303,
            0.103,
            0.154
            ],
            [
            0.493,
            0.38,
            0.253,
            0.354,
            0.333,
            0.279,
            0.255,
            0.364,
            0.352,
            0.373,
            0.252,
            1,
            0.344,
            0.24,
            0.27
            ],
            [
            0.469,
            0.361,
            0.265,
            0.208,
            0.278,
            0.617,
            0.317,
            0.384,
            0.356,
            0.445,
            0.303,
            0.344,
            1,
            0.152,
            0.585
            ],
            [
            0.349,
            0.187,
            0.194,
            0.401,
            0.351,
            0.108,
            0.136,
            0.193,
            0.174,
            0.205,
            0.103,
            0.24,
            0.152,
            1,
            0.116
            ],
            [
            0.372,
            0.24,
            0.191,
            0.12,
            0.351,
            0.383,
            0.264,
            0.248,
            0.267,
            0.527,
            0.154,
            0.27,
            0.585,
            0.116,
            1
            ]
    ]
}